598.165    393.177 - 450.792
173.078    -8.429 + 172.872
60.656    55.864 - 23.631
118.358    -7.948 - 118.091
33.712    -13.642 + 30.829
37.211    -36.479 +  7.346
 1.909     0.724 -  1.766
20.380    20.193 -  2.752
17.580    -6.916 + 16.162
13.373     5.256 - 12.296
18.116     2.885 - 17.885
28.320    -27.851 +  5.132
 8.121     7.844 -  2.104
 5.364    -2.212 -  4.887
 4.242    -3.344 +  2.610
 3.992     1.302 +  3.774
 2.867    -0.362 -  2.844
 8.578    -0.710 +  8.548
 5.386     0.376 -  5.373
 4.937     4.917 +  0.447
 1.752    -1.564 +  0.790
 0.677     0.248 -  0.630
 1.521    -0.829 +  1.275
 0.997    -0.977 -  0.202
 1.428     1.137 +  0.864
 1.918    -1.178 +  1.514
 3.182    -3.123 -  0.610
 0.659     0.597 +  0.278
 2.524    -1.120 -  2.262
 2.596     1.907 +  1.762
 2.314    -0.717 -  2.201
 1.379     0.458 +  1.301
 2.788    -1.270 -  2.482
 2.540    -2.126 -  1.390
 3.026    -0.524 -  2.980
 3.596    -2.622 -  2.461
 2.557     2.429 -  0.799
 1.570    -1.089 -  1.131
 0.512     0.504 -  0.094
 1.833    -1.387 -  1.198
 0.769     0.193 -  0.744
 1.582     0.316 -  1.550
 1.280     0.810 -  0.991
 0.192    -0.052 -  0.185
 0.997     0.255 -  0.964
 0.814    -0.752 +  0.310
 1.028    -0.468 +  0.915
 1.619    -1.589 -  0.308
 1.752    -1.752 -  0.030
 0.447    -0.305 +  0.327
 0.225     0.211 +  0.080
 0.541    -0.541 +  0.003
 0.701    -0.220 +  0.666
 0.826    -0.721 +  0.402
 1.147    -0.801 +  0.821
 0.928    -0.784 +  0.496
 0.688    -0.013 -  0.688
 0.322     0.299 +  0.119
 0.777     0.224 +  0.744
 0.246    -0.144 -  0.199
 0.651     0.296 -  0.580
 0.499     0.094 -  0.490
 0.362    -0.074 -  0.355
 0.430    -0.219 -  0.370
 0.407     0.305 -  0.270
 0.297     0.251 -  0.158
 0.352     0.107 +  0.335
 0.595     0.095 +  0.588
 0.608     0.454 +  0.404
 0.610    -0.270 +  0.546
 0.281    -0.035 +  0.279
 0.364    -0.358 -  0.069
 0.441    -0.295 -  0.328
 0.407     0.379 -  0.149
 0.499     0.203 -  0.456
 0.186     0.076 -  0.170
 0.098     0.076 +  0.062
 0.484     0.315 +  0.368
 0.659     0.434 +  0.497
 0.502     0.293 +  0.408
 0.210     0.178 +  0.112
 0.424     0.423 -  0.023
 0.697     0.068 -  0.694
 0.648     0.178 -  0.624
 0.511     0.286 -  0.424
 0.576     0.129 -  0.561
 0.519     0.482 +  0.193
 0.167     0.063 -  0.155
 0.330    -0.114 -  0.309
 0.152    -0.149 -  0.029
 0.083     0.024 +  0.080
 0.096    -0.064 +  0.071
 0.163    -0.052 -  0.154
 0.364     0.228 +  0.284
 0.354     0.207 -  0.288
 0.608     0.333 +  0.509
 0.282     0.282 +  0.016
 0.418    -0.256 +  0.330
 0.131     0.060 -  0.117
 0.458    -0.452 -  0.074
 0.452     0.165 -  0.421
 0.327    -0.247 -  0.214
 0.198     0.191 +  0.050
 0.240    -0.237 +  0.037
 0.339     0.178 +  0.288
 0.100     0.015 -  0.099
 0.401     0.106 -  0.387
 0.108    -0.099 -  0.045
 0.152    -0.127 -  0.084
 0.292    -0.184 +  0.227
 0.266    -0.035 +  0.264
 0.190     0.174 +  0.077
 0.381     0.243 +  0.293
 0.153     0.134 +  0.075
 0.256     0.253 -  0.039
 0.106    -0.026 -  0.102
 0.297    -0.294 +  0.041
 0.493    -0.393 +  0.299
 0.313    -0.003 +  0.313
 0.298     0.250 +  0.163
 0.236     0.156 -  0.177
 0.299     0.068 -  0.291
 0.343     0.083 -  0.333
 0.191     0.103 -  0.161
 0.373     0.366 -  0.070
 0.247     0.119 -  0.216
 0.185    -0.090 -  0.162
 0.159    -0.159 -  0.014
 0.197    -0.178 +  0.085
 0.246    -0.215 +  0.119
 0.139    -0.070 +  0.121
 0.210    -0.103 +  0.183
 0.089    -0.079 +  0.040
 0.124    -0.113 +  0.050
 0.110     0.010 -  0.109
 0.115     0.006 -  0.115
 0.092    -0.079 -  0.046
 0.198    -0.196 +  0.023
 0.330    -0.310 +  0.114
 0.082    -0.006 +  0.082
 0.113     0.113 -  0.007
 0.118     0.067 -  0.097
 0.178     0.096 -  0.150
 0.065     0.013 -  0.063
 0.047     0.047 +  0.001
 0.057     0.052 +  0.024
 0.090     0.085 -  0.029
 0.072    -0.046 +  0.056
 0.144     0.143 +  0.018
 0.042    -0.004 -  0.042
 0.100    -0.079 -  0.062
 0.127    -0.126 -  0.018
 0.146    -0.123 +  0.079
 0.065    -0.008 +  0.065
 0.136    -0.089 -  0.103
 0.079     0.015 -  0.078
 0.184     0.055 -  0.176
 0.159     0.109 +  0.116
 0.161     0.160 -  0.018
 0.182     0.161 +  0.086
 0.169     0.136 -  0.100
 0.180    -0.099 +  0.150
 0.080    -0.001 -  0.080
 0.150    -0.131 +  0.074
 0.087     0.081 +  0.032
 0.066     0.053 -  0.039
 0.119     0.119 +  0.003
 0.094     0.019 -  0.092
 0.220     0.217 +  0.034
 0.177     0.151 +  0.091
 0.164     0.108 +  0.124
 0.130     0.085 +  0.099
 0.107     0.015 +  0.106
 0.024    -0.017 +  0.017
 0.039     0.039 -  0.005
 0.048    -0.029 -  0.039
 0.092     0.048 +  0.079
 0.112     0.106 +  0.036
 0.111     0.054 +  0.096
 0.108     0.107 -  0.009
 0.106     0.098 +  0.040
 0.029     0.013 +  0.025
 0.015     0.012 -  0.009
 0.048    -0.030 -  0.037
 0.072    -0.041 -  0.059
 0.059     0.056 +  0.018
 0.101     0.078 +  0.064
 0.021     0.004 +  0.021
 0.023     0.018 +  0.015
 0.047     0.007 -  0.047
 0.074     0.046 -  0.057
 0.090    -0.010 -  0.089
 0.096    -0.093 +  0.020
 0.096    -0.080 +  0.054
 0.084    -0.078 +  0.030
 0.074    -0.065 +  0.034
 0.075     0.000 -  0.075
 0.061    -0.018 -  0.058
 0.019    -0.015 -  0.012
 0.102     0.001 -  0.102
 0.076    -0.005 -  0.076
 0.061    -0.027 -  0.055
 0.069    -0.056 +  0.039
 0.029    -0.003 +  0.029
 0.049    -0.048 +  0.009
 0.042     0.031 -  0.029
 0.075     0.043 -  0.062
 0.025     0.023 +  0.009
 0.010     0.007 -  0.007
 0.101    -0.096 +  0.031
 0.033    -0.033 +  0.000
 0.064    -0.009 +  0.064
 0.048     0.048 +  0.002
 0.078     0.078 -  0.001
 0.061     0.058 +  0.017
 0.039     0.039 +  0.005
 0.057    -0.038 +  0.043
 0.078     0.074 -  0.023
 0.072     0.026 -  0.067
 0.124     0.120 +  0.029
 0.035     0.013 -  0.033
 0.051     0.032 +  0.040
 0.003    -0.003 -  0.001
 0.075    -0.025 +  0.071
 0.042    -0.012 -  0.041
 0.014    -0.009 -  0.011
 0.057     0.049 -  0.029
 0.045     0.002 +  0.045
 0.040     0.004 +  0.040
 0.083    -0.082 +  0.015
 0.054    -0.006 +  0.053
 0.042    -0.042 +  0.008
 0.042    -0.011 +  0.041
 0.042     0.038 -  0.017
 0.079     0.079 +  0.001
 0.006     0.006 -  0.000
 0.041     0.018 +  0.036
 0.090    -0.074 +  0.052
 0.032    -0.023 +  0.023
 0.031     0.010 +  0.030
 0.025     0.024 +  0.009
 0.059     0.019 -  0.056
 0.054     0.016 +  0.051
 0.027    -0.025 -  0.009
 0.040    -0.037 -  0.013
 0.052    -0.029 -  0.044
 0.060    -0.042 -  0.043
 0.038     0.024 +  0.029
 0.082     0.056 +  0.060
 0.044     0.041 +  0.016
 0.045     0.020 -  0.040
 0.019     0.007 -  0.017
 0.028    -0.013 -  0.024
 0.017     0.010 +  0.013
 0.062     0.062 -  0.001
 0.060     0.055 -  0.025
 0.032     0.031 +  0.006
 0.018     0.018 -  0.001
 0.034    -0.004 -  0.034
 0.040    -0.002 -  0.040
 0.049    -0.001 -  0.049
 0.032    -0.006 -  0.032
 0.074     0.074 +  0.004
 0.026     0.025 +  0.005
 0.034     0.033 +  0.008
 0.008    -0.007 -  0.003
 0.055    -0.050 +  0.022
 0.031     0.023 +  0.022
 0.046     0.019 +  0.042
 0.017    -0.007 +  0.016
 0.038    -0.025 +  0.028
 0.056     0.017 +  0.053
 0.057     0.051 +  0.027
 0.096     0.088 +  0.040
 0.062     0.060 +  0.015
 0.022     0.019 -  0.011
 0.033    -0.003 +  0.033
 0.015    -0.014 -  0.004
 0.040    -0.036 -  0.017
 0.051    -0.008 -  0.051
 0.016    -0.002 -  0.016
 0.026     0.026 +  0.002
 0.029     0.005 +  0.029
 0.047     0.036 +  0.030
 0.009    -0.007 +  0.005
 0.021    -0.004 +  0.021
 0.018    -0.007 -  0.016
 0.042    -0.042 +  0.002
 0.023     0.022 -  0.006
 0.021    -0.014 -  0.016
 0.032    -0.005 -  0.031
 0.046    -0.040 -  0.024
 0.018    -0.000 -  0.018
 0.045    -0.034 +  0.030
 0.056    -0.006 +  0.055
 0.027    -0.018 +  0.020
 0.052     0.022 +  0.047
 0.015    -0.012 -  0.009
 0.011    -0.010 -  0.004
 0.057    -0.047 -  0.033
 0.029    -0.021 -  0.021
 0.004     0.004 +  0.002
 0.027     0.010 +  0.024
 0.009    -0.000 -  0.009
 0.034    -0.029 +  0.018
 0.024    -0.023 -  0.002
 0.012    -0.010 +  0.007
 0.021     0.011 +  0.018
 0.045     0.022 +  0.039
 0.045     0.039 +  0.023
 0.038    -0.014 +  0.035
 0.015    -0.014 -  0.003
 0.018     0.010 -  0.015
 0.018     0.018 -  0.002
 0.040     0.040 +  0.002
 0.025     0.025 -  0.000
 0.028    -0.028 -  0.001
 0.018    -0.018 -  0.002
 0.021    -0.021 +  0.003
 0.026    -0.026 +  0.000
 0.019     0.001 -  0.019
 0.025     0.009 -  0.023
 0.016     0.010 +  0.012
 0.005     0.001 -  0.005
 0.010    -0.002 -  0.010
 0.007    -0.007 +  0.000
 0.035     0.027 -  0.021
 0.031     0.007 -  0.030
 0.020    -0.012 -  0.016
 0.025     0.002 -  0.025
 0.048    -0.017 +  0.045
 0.027    -0.012 +  0.024
 0.008    -0.006 +  0.006
 0.016     0.014 -  0.007
 0.016     0.012 -  0.011
 0.031     0.029 -  0.011
 0.027     0.022 -  0.017
 0.026     0.016 -  0.020
 0.006     0.005 +  0.002
 0.019    -0.016 +  0.009
 0.005     0.005 -  0.003
 0.008     0.008 -  0.002
 0.024     0.017 +  0.017
 0.015     0.014 +  0.006
 0.015    -0.015 +  0.000
 0.023    -0.017 +  0.015
 0.009     0.004 +  0.009
 0.055     0.040 +  0.037
 0.054     0.049 +  0.022
 0.043     0.043 +  0.001
 0.028     0.017 -  0.023
 0.030    -0.028 +  0.009
 0.010    -0.010 -  0.003
 0.030    -0.024 +  0.018
 0.028     0.017 +  0.022
 0.024     0.006 +  0.024
 0.025     0.007 +  0.024
 0.022    -0.004 +  0.022
 0.004     0.004 +  0.002
 0.032    -0.031 +  0.010
 0.026    -0.026 -  0.003
 0.041    -0.026 -  0.031
 0.008    -0.007 -  0.003
 0.015     0.009 -  0.012
 0.011    -0.006 +  0.009
 0.032    -0.031 +  0.006
 0.037    -0.024 +  0.028
 0.028    -0.013 +  0.025
 0.024     0.002 +  0.024
 0.021     0.009 +  0.019
 0.015    -0.014 +  0.005
 0.009    -0.001 +  0.009
 0.015     0.005 +  0.014
 0.024     0.018 -  0.016
 0.032     0.026 -  0.018
 0.024     0.005 -  0.023
 0.003    -0.003 -  0.002
 0.013    -0.011 -  0.007
 0.030    -0.018 -  0.025
 0.032    -0.017 -  0.027
 0.009    -0.005 -  0.008
 0.010    -0.001 -  0.009
 0.026     0.016 -  0.021
 0.033     0.029 -  0.016
 0.027     0.015 -  0.022
 0.004    -0.004 +  0.001
 0.012     0.012 +  0.002
 0.013     0.008 -  0.011
 0.012     0.012 +  0.001
 0.012    -0.011 +  0.004
 0.023    -0.023 -  0.004
 0.016    -0.013 +  0.010
 0.023    -0.002 +  0.023
 0.018    -0.018 +  0.003
 0.007    -0.007 +  0.002
 0.017     0.013 -  0.011
 0.002    -0.002 -  0.000
 0.029     0.027 +  0.011
 0.011     0.004 +  0.011
 0.010    -0.010 +  0.002
 0.022    -0.019 +  0.011
 0.035    -0.031 +  0.015
 0.024    -0.023 -  0.007
 0.011     0.002 +  0.010
 0.006    -0.006 -  0.001
 0.022    -0.015 +  0.016
 0.033    -0.021 +  0.025
 0.026    -0.012 +  0.024
 0.022     0.007 +  0.020
 0.028     0.006 +  0.028
 0.008    -0.008 +  0.003
 0.003    -0.003 +  0.002
 0.015     0.000 -  0.015
 0.008    -0.008 -  0.002
 0.017    -0.015 -  0.008
 0.013    -0.012 -  0.005
 0.014    -0.012 -  0.008
 0.004     0.002 -  0.003
 0.013     0.013 -  0.002
 0.003    -0.001 -  0.003
 0.017     0.015 +  0.009
 0.008     0.001 +  0.008
 0.015    -0.008 -  0.013
 0.022    -0.002 -  0.022
 0.024    -0.000 -  0.024
 0.017    -0.007 -  0.015
 0.007     0.005 +  0.005
 0.013    -0.005 -  0.012
 0.012    -0.003 -  0.011
 0.012     0.011 -  0.006
 0.004     0.002 +  0.003
 0.020     0.015 +  0.013
 0.035     0.034 +  0.010
 0.026     0.025 +  0.010
 0.012     0.011 +  0.003
 0.014    -0.013 -  0.005
 0.029    -0.020 -  0.020
 0.023    -0.023 +  0.001
 0.005     0.002 +  0.005
 0.013     0.010 +  0.009
 0.022     0.019 +  0.010
 0.022     0.022 -  0.000
 0.009     0.005 +  0.007
 0.011    -0.007 +  0.008
 0.005     0.005 -  0.001
 0.017     0.007 +  0.016
 0.005     0.005 -  0.001
 0.014     0.001 +  0.014
 0.018    -0.018 -  0.002
 0.001     0.001 -  0.001
 0.011    -0.006 -  0.009
 0.013    -0.006 -  0.012
 0.011    -0.004 -  0.010
 0.006    -0.006 -  0.002
 0.028    -0.008 +  0.027
 0.031    -0.016 +  0.026
 0.019    -0.019 +  0.003
 0.013    -0.011 -  0.007
 0.017    -0.001 -  0.017
 0.018    -0.002 -  0.018
 0.014    -0.014 +  0.004
 0.007     0.006 -  0.003
 0.016    -0.001 +  0.016
 0.017    -0.001 +  0.017
 0.012    -0.011 -  0.005
 0.016    -0.013 +  0.010
 0.017    -0.015 +  0.007
 0.013     0.005 +  0.012
 0.002    -0.001 -  0.002
 0.008     0.008 -  0.002
 0.019     0.011 -  0.015
 0.008    -0.001 +  0.008
 0.009     0.007 -  0.006
 0.021     0.015 -  0.015
 0.005     0.003 -  0.003
 0.003    -0.002 +  0.002
 0.010    -0.010 -  0.000
 0.008    -0.008 -  0.000
 0.013     0.002 -  0.013
 0.009     0.009 -  0.001
 0.006     0.000 +  0.006
 0.010    -0.003 +  0.009
 0.004    -0.003 -  0.002
 0.012    -0.005 +  0.011
 0.009    -0.000 -  0.009
 0.013     0.002 -  0.013
 0.022     0.017 -  0.014
 0.017     0.006 -  0.016
 0.003    -0.002 -  0.003
 0.021    -0.021 +  0.005
 0.015    -0.014 -  0.005
 0.019    -0.008 +  0.017
 0.016    -0.013 +  0.010
 0.011     0.004 -  0.010
 0.012    -0.011 -  0.002
 0.010    -0.007 +  0.007
 0.012    -0.011 +  0.002
 0.010    -0.006 +  0.008
 0.027     0.013 -  0.023
 0.013     0.004 -  0.013
 0.011    -0.011 -  0.003
 0.018    -0.010 +  0.015
 0.011    -0.010 +  0.005
 0.013     0.000 +  0.013
 0.003    -0.001 +  0.003
 0.003     0.001 +  0.003
 0.009     0.005 +  0.008
 0.023     0.023 -  0.003
 0.017     0.014 -  0.009
 0.012     0.012 +  0.003
 0.009     0.005 -  0.008
 0.009     0.007 -  0.005
 0.007     0.007 -  0.001
 0.012    -0.004 -  0.011
 0.018    -0.015 -  0.010
 0.010    -0.009 +  0.004
 0.014    -0.005 +  0.013
 0.003     0.002 +  0.003
 0.015     0.010 -  0.011
 0.032     0.008 -  0.031
 0.008     0.008 +  0.002
 0.014    -0.004 +  0.013
 0.020    -0.000 +  0.020
 0.010    -0.001 +  0.010
 0.016     0.003 +  0.015
 0.009    -0.002 +  0.009
 0.011    -0.004 +  0.010
 0.015     0.014 -  0.004
 0.019    -0.016 -  0.010
 0.008    -0.004 +  0.007
 0.006    -0.005 +  0.003
 0.011     0.009 +  0.006
 0.028     0.026 -  0.012
 0.015     0.014 -  0.004
 0.015    -0.002 -  0.014
 0.008     0.004 +  0.007
 0.003    -0.003 -  0.001
 0.015    -0.015 -  0.003
 0.014    -0.014 +  0.004
 0.023    -0.011 -  0.020
 0.013    -0.002 -  0.013
 0.015     0.012 -  0.010
 0.016    -0.009 -  0.014
 0.009    -0.008 -  0.005
 0.002     0.000 -  0.002
 0.004    -0.002 +  0.003
 0.011    -0.011 +  0.001
 0.005    -0.002 -  0.005
 0.020    -0.002 -  0.020
 0.013    -0.001 -  0.013
 0.009     0.001 -  0.008
 0.013    -0.007 -  0.011
 0.008     0.007 -  0.004
 0.015     0.015 +  0.002
 0.017    -0.015 +  0.008
 0.009    -0.008 +  0.004
 0.014    -0.010 +  0.010
 0.009    -0.003 +  0.009
 0.006     0.005 +  0.004
 0.017     0.017 -  0.001
 0.013     0.002 -  0.013
 0.021     0.021 +  0.002
 0.004    -0.001 +  0.004
 0.007     0.002 +  0.007
 0.020     0.019 +  0.004
 0.011     0.008 +  0.007
 0.014     0.001 +  0.014
 0.025    -0.002 +  0.025
 0.015     0.001 +  0.015
 0.032     0.021 +  0.024
 0.031     0.025 +  0.018
 0.010     0.007 +  0.006
 0.003    -0.003 -  0.002
 0.019    -0.001 -  0.019
 0.010    -0.010 -  0.004
 0.012    -0.011 +  0.004
 0.016     0.015 +  0.002
 0.002     0.001 -  0.002
 0.009     0.008 -  0.002
 0.005    -0.005 -  0.000
 0.012    -0.007 +  0.010
 0.014     0.005 +  0.013
 0.017     0.014 +  0.011
 0.020    -0.019 -  0.006
 0.009     0.001 -  0.009
 0.018    -0.010 -  0.015
 0.009    -0.008 -  0.003
 0.020    -0.018 -  0.008
 0.036    -0.035 -  0.011
 0.029    -0.024 -  0.018
 0.016    -0.015 -  0.005
 0.008     0.007 -  0.003
 0.015    -0.015 -  0.000
 0.014     0.013 -  0.006
 0.019    -0.007 -  0.018
 0.003    -0.002 +  0.002
 0.016     0.001 -  0.015
 0.002     0.001 -  0.002
 0.013     0.013 +  0.002
 0.014     0.011 -  0.008
 0.014     0.014 -  0.001
 0.013    -0.001 -  0.013
 0.015     0.012 -  0.008
 0.011    -0.001 -  0.011
 0.006     0.005 +  0.003
 0.023     0.015 -  0.017
 0.011     0.010 +  0.003
 0.019     0.015 -  0.011
 0.015     0.010 -  0.012
 0.022    -0.002 -  0.022
 0.030     0.026 -  0.015
 0.032     0.027 -  0.018
 0.018     0.015 +  0.010
 0.007     0.000 -  0.007
 0.021    -0.021 -  0.002
 0.019    -0.014 +  0.012
 0.033    -0.005 +  0.033
 0.005     0.004 +  0.003
 0.007     0.000 +  0.007
 0.006    -0.005 -  0.004
 0.029    -0.024 +  0.016
 0.027    -0.015 +  0.023
 0.004     0.003 +  0.001
 0.028     0.027 -  0.006
 0.016     0.002 +  0.015
 0.020     0.020 +  0.004
 0.022     0.011 +  0.020
 0.027     0.017 +  0.021
 0.008    -0.008 +  0.001
 0.030    -0.027 +  0.013
 0.013    -0.012 +  0.005
 0.009     0.009 +  0.002
 0.020     0.014 +  0.015
 0.008    -0.007 +  0.004
 0.005     0.005 -  0.002
 0.006    -0.006 -  0.003
 0.004     0.004 -  0.001
 0.039    -0.014 -  0.037
 0.018    -0.011 -  0.015
 0.025    -0.004 -  0.025
 0.002    -0.001 +  0.001
 0.010     0.003 +  0.010
 0.007    -0.004 -  0.005
 0.013    -0.006 -  0.011
 0.008     0.004 +  0.007
 0.010     0.009 +  0.006
 0.018     0.018 -  0.002
 0.024     0.023 -  0.008
 0.023     0.008 -  0.022
 0.025    -0.012 -  0.022
 0.021    -0.019 +  0.009
 0.016     0.002 -  0.016
 0.028    -0.022 +  0.017
 0.019    -0.016 +  0.009
 0.039    -0.039 -  0.001
 0.011     0.010 -  0.002
 0.003     0.003 +  0.000
 0.020     0.020 +  0.001
 0.006     0.006 -  0.000
 0.037     0.026 +  0.026
 0.044     0.038 +  0.023
 0.042     0.006 +  0.042
 0.035     0.022 +  0.027
 0.034    -0.032 -  0.010
 0.004    -0.004 -  0.001
 0.026    -0.013 -  0.023
 0.025     0.016 +  0.020
 0.037     0.034 +  0.014
 0.037     0.033 +  0.018
 0.023     0.014 -  0.017
 0.011     0.011 -  0.001
 0.005     0.005 -  0.000
 0.020     0.011 -  0.017
 0.014     0.004 +  0.014
 0.019    -0.014 -  0.012
 0.013    -0.011 -  0.007
 0.035     0.022 -  0.027
 0.038     0.016 -  0.035
 0.019    -0.008 -  0.017
 0.018    -0.014 -  0.011
 0.022    -0.020 -  0.011
 0.010     0.007 +  0.007
 0.016     0.001 +  0.016
 0.012    -0.008 +  0.008
 0.004    -0.004 +  0.001
 0.022     0.014 -  0.017
 0.022    -0.008 -  0.021
 0.030    -0.028 -  0.011
 0.004    -0.003 +  0.003
 0.014    -0.013 -  0.003
 0.015    -0.010 +  0.011
 0.014    -0.006 +  0.012
 0.032    -0.014 +  0.029
 0.052     0.007 +  0.052
 0.054     0.016 +  0.051
 0.031    -0.028 +  0.013
 0.018     0.006 -  0.017
 0.039    -0.024 -  0.030
 0.035    -0.008 -  0.034
 0.008    -0.006 -  0.006
 0.014     0.013 -  0.006
 0.004     0.004 +  0.001
 0.028     0.027 +  0.009
 0.028    -0.028 +  0.004
 0.033    -0.033 +  0.006
 0.023    -0.014 +  0.018
 0.020    -0.002 +  0.020
 0.027    -0.014 +  0.023
 0.010    -0.006 +  0.008
 0.034    -0.031 -  0.014
 0.021    -0.016 -  0.014
 0.021    -0.017 -  0.013
 0.032    -0.026 +  0.019
 0.017    -0.006 -  0.016
 0.011     0.004 +  0.010
 0.036    -0.032 -  0.016
 0.017    -0.016 -  0.003
 0.010     0.003 -  0.010
 0.023     0.002 +  0.023
 0.030     0.024 +  0.019
 0.014     0.012 +  0.007
 0.018     0.017 -  0.007
 0.059     0.057 -  0.015
 0.007     0.007 +  0.001
 0.012    -0.010 -  0.006
 0.037    -0.019 +  0.032
 0.027     0.027 -  0.001
 0.016    -0.008 +  0.014
 0.036     0.030 +  0.019
 0.021    -0.005 +  0.020
 0.084     0.053 +  0.065
 0.080     0.058 +  0.055
 0.039     0.020 +  0.033
 0.020     0.019 -  0.004
 0.030     0.020 -  0.022
 0.052     0.046 -  0.026
 0.035     0.020 -  0.028
 0.058     0.033 -  0.047
 0.017    -0.016 -  0.006
 0.015    -0.009 +  0.013
 0.018     0.007 +  0.017
 0.014     0.013 +  0.006
 0.016     0.016 +  0.003
 0.013     0.009 -  0.009
 0.056    -0.055 +  0.010
 0.029    -0.021 -  0.021
 0.011    -0.010 -  0.005
 0.022     0.014 -  0.017
 0.013    -0.011 +  0.007
 0.058    -0.058 +  0.000
 0.051    -0.046 +  0.022
 0.068    -0.061 +  0.029
 0.064    -0.056 +  0.032
 0.083    -0.076 +  0.034
 0.060    -0.056 -  0.022
 0.057    -0.026 -  0.051
 0.025     0.009 -  0.023
 0.014     0.012 -  0.007
 0.054     0.039 +  0.037
 0.116     0.020 +  0.114
 0.064     0.059 +  0.024
 0.049     0.044 -  0.023
 0.067     0.049 -  0.046
 0.049     0.015 -  0.047
 0.041    -0.041 +  0.004
 0.055    -0.030 +  0.046
 0.023    -0.022 +  0.008
 0.027     0.026 +  0.008
 0.016     0.016 +  0.000
 0.031     0.031 -  0.000
 0.030     0.017 +  0.024
 0.038     0.029 -  0.025
 0.043     0.025 -  0.035
 0.042    -0.030 +  0.029
 0.070    -0.032 +  0.062
 0.056    -0.047 +  0.030
 0.035     0.010 +  0.034
 0.015     0.012 -  0.010
 0.008    -0.004 +  0.007
 0.068    -0.013 +  0.066
 0.032    -0.016 +  0.027
 0.038     0.011 +  0.037
 0.048    -0.038 +  0.029
 0.046    -0.046 +  0.001
 0.035    -0.018 +  0.030
 0.112    -0.055 +  0.098
 0.093    -0.093 -  0.002
 0.056    -0.056 -  0.004
 0.058    -0.052 -  0.026
 0.020    -0.019 -  0.005
 0.057    -0.054 +  0.017
 0.043    -0.043 -  0.007
 0.044    -0.026 -  0.035
 0.081    -0.066 +  0.047
 0.063    -0.059 +  0.023
 0.091    -0.063 -  0.067
 0.071    -0.065 -  0.030
 0.058    -0.020 -  0.054
 0.081    -0.079 -  0.014
 0.010    -0.010 -  0.001
 0.034    -0.032 +  0.011
 0.049    -0.003 -  0.049
 0.024    -0.010 +  0.021
 0.080     0.069 -  0.041
 0.112     0.106 -  0.037
 0.109     0.106 -  0.029
 0.078     0.034 -  0.070
 0.054    -0.002 -  0.054
 0.067     0.006 -  0.067
 0.112     0.031 -  0.108
 0.038    -0.014 -  0.035
 0.037    -0.020 +  0.031
 0.032     0.023 +  0.023
 0.099     0.033 +  0.094
 0.027     0.015 +  0.022
 0.051    -0.042 -  0.028
 0.081     0.039 -  0.072
 0.059     0.059 +  0.004
 0.081     0.081 -  0.011
 0.101     0.010 +  0.100
 0.056     0.002 +  0.056
 0.133     0.084 +  0.103
 0.050     0.025 +  0.043
 0.143     0.103 +  0.099
 0.156     0.014 +  0.156
 0.235     0.080 +  0.221
 0.151     0.032 +  0.148
 0.087    -0.029 +  0.082
 0.068    -0.031 +  0.060
 0.068     0.054 +  0.042
 0.080    -0.015 +  0.078
 0.122     0.081 +  0.091
 0.057     0.002 +  0.057
 0.100    -0.062 +  0.078
 0.096    -0.093 +  0.024
 0.084    -0.050 -  0.068
 0.169    -0.108 -  0.129
 0.106     0.059 -  0.088
 0.078     0.077 +  0.013
 0.164    -0.040 +  0.159
 0.115    -0.040 +  0.108
 0.203    -0.187 +  0.079
 0.182    -0.173 -  0.056
 0.077    -0.076 +  0.009
 0.090    -0.090 -  0.002
 0.034    -0.014 -  0.031
 0.114     0.019 -  0.112
 0.149    -0.101 -  0.109
 0.145    -0.134 -  0.054
 0.027    -0.015 -  0.022
 0.064    -0.063 +  0.008
 0.043    -0.007 -  0.042
 0.078    -0.077 +  0.009
 0.047    -0.046 -  0.006
 0.035    -0.023 +  0.027
 0.085     0.002 +  0.085
 0.218    -0.212 +  0.049
 0.086    -0.083 +  0.023
 0.134    -0.004 +  0.134
 0.082    -0.082 -  0.006
 0.035     0.016 +  0.031
 0.202    -0.170 -  0.110
 0.107    -0.087 -  0.063
 0.183     0.086 -  0.161
 0.099    -0.066 -  0.074
 0.061    -0.031 +  0.053
 0.105     0.014 +  0.104
 0.135     0.078 +  0.110
 0.173     0.042 +  0.168
 0.156     0.135 +  0.078
 0.031     0.027 -  0.016
 0.091     0.091 +  0.005
 0.222     0.080 -  0.207
 0.154    -0.128 -  0.085
 0.227    -0.220 -  0.058
 0.115    -0.050 +  0.103
 0.240    -0.236 -  0.042
 0.062    -0.037 -  0.050
 0.257    -0.153 -  0.206
 0.053    -0.026 -  0.046
 0.157     0.085 -  0.132
 0.066    -0.046 -  0.047
 0.302    -0.260 -  0.153
 0.051    -0.039 -  0.032
 0.134     0.003 +  0.134
 0.160     0.146 +  0.065
 0.118     0.111 -  0.039
 0.218     0.207 -  0.069
 0.234    -0.024 +  0.232
 0.502     0.287 +  0.412
 0.297     0.109 +  0.276
 0.058     0.001 -  0.058
 0.230    -0.230 +  0.007
 0.657    -0.637 -  0.161
 0.327    -0.324 -  0.051
 0.058     0.058 +  0.002
 0.356     0.350 +  0.066
 0.438     0.405 +  0.167
 0.242     0.169 -  0.174
 0.345     0.307 +  0.158
 0.061    -0.053 -  0.029
 0.247    -0.028 +  0.246
 0.406    -0.403 -  0.050
 0.494    -0.099 +  0.484
 0.416     0.112 -  0.401
 0.271    -0.188 +  0.195
 0.517     0.376 -  0.355
 0.405    -0.211 +  0.346
 0.463     0.276 +  0.371
 0.634    -0.237 +  0.588
 0.108    -0.077 +  0.075
 0.365    -0.271 -  0.244
 0.345     0.115 +  0.325
 0.384    -0.282 -  0.260
 0.401    -0.148 +  0.372
 0.589    -0.443 -  0.389
 0.338     0.166 -  0.295
 0.466     0.459 -  0.082
 0.502     0.501 -  0.036
 0.386    -0.086 +  0.376
 0.706    -0.353 +  0.612
 0.886    -0.823 +  0.328
 0.098    -0.010 -  0.098
 0.315    -0.262 -  0.175
 0.871     0.806 -  0.332
 0.039    -0.021 -  0.033
 0.078    -0.061 -  0.049
 0.413     0.140 -  0.389
 0.527     0.246 -  0.466
 0.438     0.344 +  0.270
 0.384     0.225 -  0.311
 0.711    -0.278 +  0.654
 0.387    -0.342 -  0.183
 1.188    -1.168 +  0.220
 0.286     0.279 +  0.064
 1.055    -1.034 +  0.208
 0.502     0.479 -  0.151
 0.805    -0.674 -  0.439
 0.410     0.396 +  0.105
 0.808    -0.596 -  0.545
 1.362    -0.161 +  1.352
 1.163     0.282 -  1.129
 0.275    -0.265 +  0.072
 1.750     1.556 -  0.800
 0.353     0.343 -  0.084
 1.415     0.742 -  1.205
 0.639     0.133 +  0.625
 1.683    -1.590 -  0.550
 1.429    -1.275 -  0.647
 2.067    -1.675 -  1.212
 0.749    -0.578 -  0.475
 1.767    -1.675 +  0.564
 1.861    -1.687 +  0.785
 1.439    -1.381 +  0.402
 1.079    -0.620 +  0.884
 0.432     0.043 -  0.430
 0.579     0.572 +  0.087
 0.679     0.664 +  0.143
 0.710     0.588 +  0.398
 1.268    -1.203 -  0.402
 1.849     0.347 -  1.817
 0.905     0.513 -  0.746
 1.931     1.637 -  1.025
 1.753     0.613 +  1.642
 1.320    -1.236 +  0.464
 0.304    -0.022 +  0.303
 1.381    -0.886 +  1.059
 0.567    -0.563 +  0.067
 0.401     0.229 +  0.329
 1.674     1.442 -  0.850
 0.995     0.960 +  0.261
 2.408     0.488 +  2.358
 1.484    -0.680 +  1.320
 1.053    -0.881 -  0.577
 1.901    -1.250 +  1.432
 2.469     2.469 +  0.028
 4.001    -3.996 +  0.189
 1.214    -1.135 +  0.430
 3.595     3.564 +  0.475
 3.008    -2.906 -  0.778
 3.858    -0.806 +  3.773
 3.694    -2.029 -  3.086
 2.577     2.332 -  1.096
 3.968     0.472 +  3.940
 0.491     0.343 -  0.351
 8.463    -7.478 +  3.963
 6.727     3.653 -  5.648
12.958    11.110 +  6.668
 7.427    -3.572 +  6.512
 8.465    -6.709 +  5.161
 9.203    -8.866 -  2.471
 9.154    -3.268 -  8.550
13.214     6.760 - 11.353
 8.800    -8.035 -  3.589
19.595    -16.323 - 10.841
30.789    30.197 +  6.010
32.715    -19.408 - 26.337
56.834    39.952 - 40.422
60.296    -10.497 + 59.375
69.527    14.937 + 67.903
